40
0.00008499
0.00008324
0.00008377
0.00008069
0.00007190
0.00007971
0.00002958
-0.00007979
-0.00003125
-0.00004709
0.00017788
-0.00001914
-0.00003629
-0.00002293
-0.00003949
-0.00003380
-0.00002948
-0.00003050
-0.00002967
-0.00002802
-0.00001348
-0.00000305
0.00001066
0.00003153
0.00003169
0.00003613
0.00003229
0.00003134
0.00002600
0.00002308
0.00001474
-0.00000683
-0.00000741
-0.00000258
-0.00002196
0.00001217
0.00002871
0.00001900
-0.00003611
-0.00003326
0.00008324
0.00008183
0.00008212
0.00007932
0.00007063
0.00007852
0.00002833
-0.00007877
-0.00003038
-0.00004605
0.00017668
-0.00001861
-0.00003499
-0.00002188
-0.00003805
-0.00003256
-0.00002853
-0.00002968
-0.00002888
-0.00002745
-0.00001311
-0.00000288
0.00001071
0.00003139
0.00003146
0.00003574
0.00003201
0.00003097
0.00002572
0.00002288
0.00001467
-0.00000648
-0.00000694
-0.00000221
-0.00002137
0.00001218
0.00002844
0.00001863
-0.00003565
-0.00003298
0.00008377
0.00008212
0.00008319
0.00008067
0.00007211
0.00008166
0.00003235
-0.00008511
-0.00003168
-0.00004799
0.00019168
-0.00001593
-0.00003429
-0.00002063
-0.00003716
-0.00003212
-0.00002952
-0.00003108
-0.00003058
-0.00002964
-0.00001489
-0.00000375
0.00001086
0.00003292
0.00003281
0.00003744
0.00003361
0.00003261
0.00002704
0.00002384
0.00001566
-0.00000628
-0.00000712
-0.00000236
-0.00002204
0.00001278
0.00003040
0.00001951
-0.00003734
-0.00003421
0.00008069
0.00007932
0.00008067
0.00007901
0.00007087
0.00008174
0.00003467
-0.00008522
-0.00002989
-0.00004569
0.00019587
-0.00001144
-0.00002974
-0.00001669
-0.00003217
-0.00002814
-0.00002752
-0.00002966
-0.00002953
-0.00002941
-0.00001534
-0.00000419
0.00001052
0.00003247
0.00003211
0.00003656
0.00003292
0.00003183
0.00002628
0.00002300
0.00001547
-0.00000541
-0.00000643
-0.00000202
-0.00002085
0.00001256
0.00003016
0.00001860
-0.00003654
-0.00003346
0.00007190
0.00007063
0.00007211
0.00007087
0.00006669
0.00007535
0.00003205
-0.00003475
-0.00001176
-0.00002268
0.00011273
-0.00001638
-0.00001884
-0.00001260
-0.00002460
-0.00001947
-0.00001286
-0.00001455
-0.00001424
-0.00001017
-0.00000227
0.00000403
0.00001501
0.00003154
0.00002833
0.00003231
0.00003283
0.00003171
0.00002672
0.00002386
0.00001808
0.00000084
-0.00000501
-0.00000415
-0.00001580
0.00000880
0.00002040
0.00001661
-0.00003062
-0.00003115
0.00007971
0.00007852
0.00008166
0.00008174
0.00007535
0.00009184
0.00004688
-0.00008565
-0.00002637
-0.00004304
0.00022129
-0.00000588
-0.00002377
-0.00001155
-0.00002785
-0.00002425
-0.00002491
-0.00002843
-0.00002916
-0.00002836
-0.00001488
-0.00000219
0.00001506
0.00004068
0.00003828
0.00004391
0.00004174
0.00004060
0.00003357
0.00002899
0.00002178
-0.00000161
-0.00000664
-0.00000366
-0.00002203
0.00001402
0.00003443
0.00002247
-0.00004189
-0.00003934
0.00002958
0.00002833
0.00003235
0.00003467
0.00003205
0.00004688
0.00006449
-0.00006518
-0.00002133
-0.00002853
0.00017468
0.00002077
-0.00001297
-0.00000531
-0.00001558
-0.00001558
-0.00002321
-0.00002437
-0.00002645
-0.00002568
-0.00001807
-0.00000545
0.00000247
0.00001587
0.00001922
0.00002343
0.00001788
0.00001956
0.00001356
0.00000854
0.00000666
-0.00000490
-0.00000941
-0.00000745
-0.00001481
0.00000535
0.00002066
0.00001288
-0.00001967
-0.00001563
-0.00007979
-0.00007877
-0.00008511
-0.00008522
-0.00003475
-0.00008565
-0.00006518
0.00079141
0.00026110
0.00033234
-0.00135012
-0.00013173
0.00011346
0.00001451
0.00005629
0.00008606
0.00020401
0.00021833
0.00022595
0.00029748
0.00020962
0.00013306
0.00007161
-0.00001440
-0.00005375
-0.00006045
0.00000004
0.00000029
0.00000877
0.00001743
0.00003630
0.00008318
0.00001307
-0.00003722
0.00006436
-0.00005808
-0.00015361
-0.00002465
0.00008608
0.00002951
-0.00003125
-0.00003038
-0.00003168
-0.00002989
-0.00001176
-0.00002637
-0.00002133
0.00026110
0.00010239
0.00012771
-0.00039116
-0.00001496
0.00007065
0.00003383
0.00005537
0.00005843
0.00008411
0.00008434
0.00008527
0.00010080
0.00007035
0.00004344
0.00002304
-0.00000861
-0.00001990
-0.00002647
-0.00000803
-0.00001131
-0.00000852
-0.00000567
0.00000445
0.00003078
0.00001182
-0.00000529
0.00003144
-0.00001945
-0.00005427
-0.00001886
0.00003587
0.00001463
-0.00004709
-0.00004605
-0.00004799
-0.00004569
-0.00002268
-0.00004304
-0.00002853
0.00033234
0.00012771
0.00016222
-0.00053028
-0.00001751
0.00008982
0.00004284
0.00007262
0.00007531
0.00010617
0.00010726
0.00010837
0.00012714
0.00008660
0.00005139
0.00002334
-0.00001985
-0.00003400
-0.00004250
-0.00001893
-0.00002207
-0.00001677
-0.00001220
0.00000165
0.00003781
0.00001524
-0.00000643
0.00004224
-0.00002718
-0.00007321
-0.00002764
0.00005121
0.00002566
0.00017788
0.00017668
0.00019168
0.00019587
0.00011273
0.00022129
0.00017468
-0.00135012
-0.00039116
-0.00053028
0.00288454
0.00030023
-0.00014411
0.00001823
-0.00007235
-0.00012029
-0.00032749
-0.00036513
-0.00038059
-0.00050174
-0.00032922
-0.00018172
-0.00006417
0.00009543
0.00018356
0.00018558
0.00006196
0.00004476
0.00000271
-0.00002796
-0.00006047
-0.00014048
-0.00002833
0.00005945
-0.00012358
0.00011725
0.00029377
0.00005931
-0.00017413
-0.00009787
-0.00001914
-0.00001861
-0.00001593
-0.00001144
-0.00001638
-0.00000588
0.00002077
-0.00013173
-0.00001496
-0.00001751
0.00030023
0.00009531
0.00004949
0.00005683
0.00006931
0.00004792
-0.00000396
-0.00001371
-0.00001872
-0.00004858
-0.00004005
-0.00003062
-0.00002617
-0.00002649
-0.00001266
-0.00002118
-0.00003701
-0.00004169
-0.00004145
-0.00004232
-0.00003451
-0.00001276
0.00001022
0.00001823
0.00001344
0.00000268
0.00000898
-0.00002564
0.00001553
0.00002337
-0.00003629
-0.00003499
-0.00003429
-0.00002974
-0.00001884
-0.00002377
-0.00001297
0.00011346
0.00007065
0.00008982
-0.00014411
0.00004949
0.00009617
0.00007173
0.00010172
0.00008711
0.00006874
0.00006142
0.00005849
0.00004726
0.00002666
0.00000919
-0.00000332
-0.00002824
-0.00003141
-0.00004246
-0.00003553
-0.00004114
-0.00003567
-0.00003215
-0.00001826
0.00001879
0.00002108
0.00001227
0.00003844
-0.00001382
-0.00003864
-0.00003612
0.00003994
0.00002907
-0.00002293
-0.00002188
-0.00002063
-0.00001669
-0.00001260
-0.00001155
-0.00000531
0.00001451
0.00003383
0.00004284
0.00001823
0.00005683
0.00007173
0.00006115
0.00008271
0.00006683
0.00003835
0.00003040
0.00002704
0.00000962
0.00000105
-0.00000608
-0.00001027
-0.00002273
-0.00002140
-0.00003029
-0.00003066
-0.00003564
-0.00003173
-0.00002951
-0.00001953
0.00000764
0.00001714
0.00001485
0.00002664
-0.00000571
-0.00001714
-0.00002874
0.00002536
0.00002190
-0.00003949
-0.00003805
-0.00003716
-0.00003217
-0.00002460
-0.00002785
-0.00001558
0.00005629
0.00005537
0.00007262
-0.00007235
0.00006931
0.00010172
0.00008271
0.00011631
0.00009524
0.00006098
0.00005161
0.00004756
0.00002613
0.00000907
-0.00000552
-0.00001584
-0.00003910
-0.00003933
-0.00005195
-0.00004918
-0.00005514
-0.00004751
-0.00004296
-0.00002795
0.00001323
0.00002476
0.00001949
0.00004139
-0.00001225
-0.00003409
-0.00004356
0.00004298
0.00003682
-0.00003380
-0.00003256
-0.00003212
-0.00002814
-0.00001947
-0.00002425
-0.00001558
0.00008606
0.00005843
0.00007531
-0.00012029
0.00004792
0.00008711
0.00006683
0.00009524
0.00008030
0.00005959
0.00005267
0.00004987
0.00003679
0.00001902
0.00000363
-0.00000723
-0.00002943
-0.00003179
-0.00004214
-0.00003674
-0.00004172
-0.00003560
-0.00003173
-0.00001907
0.00001545
0.00002058
0.00001370
0.00003591
-0.00001203
-0.00003401
-0.00003505
0.00003709
0.00002890
-0.00002948
-0.00002853
-0.00002952
-0.00002752
-0.00001286
-0.00002491
-0.00002321
0.00020401
0.00008411
0.00010617
-0.00032749
-0.00000396
0.00006874
0.00003835
0.00006098
0.00005959
0.00007339
0.00007221
0.00007238
0.00008017
0.00005372
0.00003026
0.00001351
-0.00001365
-0.00002374
-0.00003029
-0.00001462
-0.00001761
-0.00001300
-0.00000933
0.00000048
0.00002637
0.00001425
0.00000032
0.00003122
-0.00001655
-0.00004666
-0.00002171
0.00003335
0.00001722
-0.00003050
-0.00002968
-0.00003108
-0.00002966
-0.00001455
-0.00002843
-0.00002437
0.00021833
0.00008434
0.00010726
-0.00036513
-0.00001371
0.00006142
0.00003040
0.00005161
0.00005267
0.00007221
0.00007269
0.00007347
0.00008484
0.00005737
0.00003307
0.00001495
-0.00001315
-0.00002395
-0.00002955
-0.00001274
-0.00001481
-0.00001010
-0.00000631
0.00000276
0.00002674
0.00001247
-0.00000212
0.00002971
-0.00001745
-0.00004854
-0.00001936
0.00003318
0.00001668
-0.00002967
-0.00002888
-0.00003058
-0.00002953
-0.00001424
-0.00002916
-0.00002645
0.00022595
0.00008527
0.00010837
-0.00038059
-0.00001872
0.00005849
0.00002704
0.00004756
0.00004987
0.00007238
0.00007347
0.00007462
0.00008759
0.00005982
0.00003496
0.00001636
-0.00001213
-0.00002328
-0.00002862
-0.00001126
-0.00001317
-0.00000852
-0.00000467
0.00000398
0.00002710
0.00001192
-0.00000295
0.00002910
-0.00001764
-0.00004938
-0.00001833
0.00003277
0.00001591
-0.00002802
-0.00002745
-0.00002964
-0.00002941
-0.00001017
-0.00002836
-0.00002568
0.00029748
0.00010080
0.00012714
-0.00050174
-0.00004858
0.00004726
0.00000962
0.00002613
0.00003679
0.00008017
0.00008484
0.00008759
0.00011393
0.00008073
0.00005165
0.00002962
-0.00000134
-0.00001716
-0.00001975
0.00000383
0.00000344
0.00000674
0.00001008
0.00001703
0.00003421
0.00000750
-0.00001194
0.00002568
-0.00002021
-0.00005616
-0.00000908
0.00002950
0.00000779
-0.00001348
-0.00001311
-0.00001489
-0.00001534
-0.00000227
-0.00001488
-0.00001807
0.00020962
0.00007035
0.00008660
-0.00032922
-0.00004005
0.00002666
0.00000105
0.00000907
0.00001902
0.00005372
0.00005737
0.00005982
0.00008073
0.00005987
0.00004070
0.00002639
0.00000691
-0.00000349
-0.00000484
0.00001097
0.00001020
0.00001077
0.00001223
0.00001550
0.00002392
0.00000374
-0.00000962
0.00001435
-0.00001209
-0.00003579
-0.00000191
0.00001551
-0.00000072
-0.00000305
-0.00000288
-0.00000375
-0.00000419
0.00000403
-0.00000219
-0.00000545
0.00013306
0.00004344
0.00005139
-0.00018172
-0.00003062
0.00000919
-0.00000608
-0.00000552
0.00000363
0.00003026
0.00003307
0.00003496
0.00005165
0.00004070
0.00003067
0.00002325
0.00001426
0.00000799
0.00000839
0.00001793
0.00001742
0.00001553
0.00001509
0.00001544
0.00001565
-0.00000018
-0.00000873
0.00000417
-0.00000534
-0.00001763
0.00000518
0.00000277
-0.00000820
0.00001066
0.00001071
0.00001086
0.00001052
0.00001501
0.00001506
0.00000247
0.00007161
0.00002304
0.00002334
-0.00006417
-0.00002617
-0.00000332
-0.00001027
-0.00001584
-0.00000723
0.00001351
0.00001495
0.00001636
0.00002962
0.00002639
0.00002325
0.00002313
0.00002471
0.00001968
0.00002195
0.00002806
0.00002742
0.00002367
0.00002184
0.00001937
0.00001126
-0.00000209
-0.00000727
-0.00000411
0.00000142
-0.00000104
0.00001247
-0.00001120
-0.00001832
0.00003153
0.00003139
0.00003292
0.00003247
0.00003154
0.00004068
0.00001587
-0.00001440
-0.00000861
-0.00001985
0.00009543
-0.00002649
-0.00002824
-0.00002273
-0.00003910
-0.00002943
-0.00001365
-0.00001315
-0.00001213
-0.00000134
0.00000691
0.00001426
0.00002471
0.00004279
0.00003901
0.00004509
0.00004676
0.00004669
0.00003990
0.00003580
0.00002828
0.00000517
-0.00000641
-0.00000698
-0.00001851
0.00001163
0.00002425
0.00002629
-0.00003408
-0.00003565
0.00003169
0.00003146
0.00003281
0.00003211
0.00002833
0.00003828
0.00001922
-0.00005375
-0.00001990
-0.00003400
0.00018356
-0.00001266
-0.00003141
-0.00002140
-0.00003933
-0.00003179
-0.00002374
-0.00002395
-0.00002328
-0.00001716
-0.00000349
0.00000799
0.00001968
0.00003901
0.00004068
0.00004543
0.00004130
0.00004047
0.00003258
0.00002775
0.00002007
-0.00000176
-0.00000743
-0.00000455
-0.00002051
0.00001360
0.00002961
0.00002432
-0.00003352
-0.00003281
0.00003613
0.00003574
0.00003744
0.00003656
0.00003231
0.00004391
0.00002343
-0.00006045
-0.00002647
-0.00004250
0.00018558
-0.00002118
-0.00004246
-0.00003029
-0.00005195
-0.00004214
-0.00003029
-0.00002955
-0.00002862
-0.00001975
-0.00000484
0.00000839
0.00002195
0.00004509
0.00004543
0.00005235
0.00004897
0.00004922
0.00004069
0.00003534
0.00002590
-0.00000177
-0.00001001
-0.00000710
-0.00002540
0.00001520
0.00003436
0.00003034
-0.00004013
-0.00003837
0.00003229
0.00003201
0.00003361
0.00003292
0.00003283
0.00004174
0.00001788
0.00000004
-0.00000803
-0.00001893
0.00006196
-0.00003701
-0.00003553
-0.00003066
-0.00004918
-0.00003674
-0.00001462
-0.00001274
-0.00001126
0.00000383
0.00001097
0.00001793
0.00002806
0.00004676
0.00004130
0.00004897
0.00005258
0.00005351
0.00004637
0.00004205
0.00003355
0.00000686
-0.00000846
-0.00001016
-0.00002099
0.00001141
0.00002415
0.00003065
-0.00003696
-0.00003910
0.00003134
0.00003097
0.00003261
0.00003183
0.00003171
0.00004060
0.00001956
0.00000029
-0.00001131
-0.00002207
0.00004476
-0.00004169
-0.00004114
-0.00003564
-0.00005514
-0.00004172
-0.00001761
-0.00001481
-0.00001317
0.00000344
0.00001020
0.00001742
0.00002742
0.00004669
0.00004047
0.00004922
0.00005351
0.00005545
0.00004862
0.00004438
0.00003537
0.00000672
-0.00000976
-0.00001164
-0.00002252
0.00001111
0.00002445
0.00003246
-0.00003804
-0.00003932
0.00002600
0.00002572
0.00002704
0.00002628
0.00002672
0.00003357
0.00001356
0.00000877
-0.00000852
-0.00001677
0.00000271
-0.00004145
-0.00003567
-0.00003173
-0.00004751
-0.00003560
-0.00001300
-0.00001010
-0.00000852
0.00000674
0.00001077
0.00001553
0.00002367
0.00003990
0.00003258
0.00004069
0.00004637
0.00004862
0.00004387
0.00004089
0.00003305
0.00000789
-0.00000738
-0.00000990
-0.00001827
0.00000903
0.00001933
0.00002798
-0.00003277
-0.00003387
0.00002308
0.00002288
0.00002384
0.00002300
0.00002386
0.00002899
0.00000854
0.00001743
-0.00000567
-0.00001220
-0.00002796
-0.00004232
-0.00003215
-0.00002951
-0.00004296
-0.00003173
-0.00000933
-0.00000631
-0.00000467
0.00001008
0.00001223
0.00001509
0.00002184
0.00003580
0.00002775
0.00003534
0.00004205
0.00004438
0.00004089
0.00003875
0.00003161
0.00000880
-0.00000585
-0.00000887
-0.00001546
0.00000760
0.00001555
0.00002512
-0.00002922
-0.00003053
0.00001474
0.00001467
0.00001566
0.00001547
0.00001808
0.00002178
0.00000666
0.00003630
0.00000445
0.00000165
-0.00006047
-0.00003451
-0.00001826
-0.00001953
-0.00002795
-0.00001907
0.00000048
0.00000276
0.00000398
0.00001703
0.00001550
0.00001544
0.00001937
0.00002828
0.00002007
0.00002590
0.00003355
0.00003537
0.00003305
0.00003161
0.00002696
0.00001072
-0.00000326
-0.00000755
-0.00000927
0.00000440
0.00000800
0.00001863
-0.00002082
-0.00002346
-0.00000683
-0.00000648
-0.00000628
-0.00000541
0.00000084
-0.00000161
-0.00000490
0.00008318
0.00003078
0.00003781
-0.00014048
-0.00001276
0.00001879
0.00000764
0.00001323
0.00001545
0.00002637
0.00002674
0.00002710
0.00003421
0.00002392
0.00001565
0.00001126
0.00000517
-0.00000176
-0.00000177
0.00000686
0.00000672
0.00000789
0.00000880
0.00001072
0.00001399
0.00000463
-0.00000204
0.00000838
-0.00000407
-0.00001332
-0.00000119
0.00000398
-0.00000228
-0.00000741
-0.00000694
-0.00000712
-0.00000643
-0.00000501
-0.00000664
-0.00000941
0.00001307
0.00001182
0.00001524
-0.00002833
0.00001022
0.00002108
0.00001714
0.00002476
0.00002058
0.00001425
0.00001247
0.00001192
0.00000750
0.00000374
-0.00000018
-0.00000209
-0.00000641
-0.00000743
-0.00001001
-0.00000846
-0.00000976
-0.00000738
-0.00000585
-0.00000326
0.00000463
0.00000735
0.00000605
0.00000986
-0.00000139
-0.00000667
-0.00000899
0.00000726
0.00000584
-0.00000258
-0.00000221
-0.00000236
-0.00000202
-0.00000415
-0.00000366
-0.00000745
-0.00003722
-0.00000529
-0.00000643
0.00005945
0.00001823
0.00001227
0.00001485
0.00001949
0.00001370
0.00000032
-0.00000212
-0.00000295
-0.00001194
-0.00000962
-0.00000873
-0.00000727
-0.00000698
-0.00000455
-0.00000710
-0.00001016
-0.00001164
-0.00000990
-0.00000887
-0.00000755
-0.00000204
0.00000605
0.00000845
0.00000563
0.00000212
0.00000250
-0.00000790
0.00000305
0.00000508
-0.00002196
-0.00002137
-0.00002204
-0.00002085
-0.00001580
-0.00002203
-0.00001481
0.00006436
0.00003144
0.00004224
-0.00012358
0.00001344
0.00003844
0.00002664
0.00004139
0.00003591
0.00003122
0.00002971
0.00002910
0.00002568
0.00001435
0.00000417
-0.00000411
-0.00001851
-0.00002051
-0.00002540
-0.00002099
-0.00002252
-0.00001827
-0.00001546
-0.00000927
0.00000838
0.00000986
0.00000563
0.00001912
-0.00000793
-0.00002213
-0.00001773
0.00002195
0.00001714
0.00001217
0.00001218
0.00001278
0.00001256
0.00000880
0.00001402
0.00000535
-0.00005808
-0.00001945
-0.00002718
0.00011725
0.00000268
-0.00001382
-0.00000571
-0.00001225
-0.00001203
-0.00001655
-0.00001745
-0.00001764
-0.00002021
-0.00001209
-0.00000534
0.00000142
0.00001163
0.00001360
0.00001520
0.00001141
0.00001111
0.00000903
0.00000760
0.00000440
-0.00000407
-0.00000139
0.00000212
-0.00000793
0.00000763
0.00001690
0.00000794
-0.00001434
-0.00001139
0.00002871
0.00002844
0.00003040
0.00003016
0.00002040
0.00003443
0.00002066
-0.00015361
-0.00005427
-0.00007321
0.00029377
0.00000898
-0.00003864
-0.00001714
-0.00003409
-0.00003401
-0.00004666
-0.00004854
-0.00004938
-0.00005616
-0.00003579
-0.00001763
-0.00000104
0.00002425
0.00002961
0.00003436
0.00002415
0.00002445
0.00001933
0.00001555
0.00000800
-0.00001332
-0.00000667
0.00000250
-0.00002213
0.00001690
0.00004154
0.00001957
-0.00003355
-0.00002427
0.00001900
0.00001863
0.00001951
0.00001860
0.00001661
0.00002247
0.00001288
-0.00002465
-0.00001886
-0.00002764
0.00005931
-0.00002564
-0.00003612
-0.00002874
-0.00004356
-0.00003505
-0.00002171
-0.00001936
-0.00001833
-0.00000908
-0.00000191
0.00000518
0.00001247
0.00002629
0.00002432
0.00003034
0.00003065
0.00003246
0.00002798
0.00002512
0.00001863
-0.00000119
-0.00000899
-0.00000790
-0.00001773
0.00000794
0.00001957
0.00002224
-0.00002452
-0.00002369
-0.00003611
-0.00003565
-0.00003734
-0.00003654
-0.00003062
-0.00004189
-0.00001967
0.00008608
0.00003587
0.00005121
-0.00017413
0.00001553
0.00003994
0.00002536
0.00004298
0.00003709
0.00003335
0.00003318
0.00003277
0.00002950
0.00001551
0.00000277
-0.00001120
-0.00003408
-0.00003352
-0.00004013
-0.00003696
-0.00003804
-0.00003277
-0.00002922
-0.00002082
0.00000398
0.00000726
0.00000305
0.00002195
-0.00001434
-0.00003355
-0.00002452
0.00003655
0.00003124
-0.00003326
-0.00003298
-0.00003421
-0.00003346
-0.00003115
-0.00003934
-0.00001563
0.00002951
0.00001463
0.00002566
-0.00009787
0.00002337
0.00002907
0.00002190
0.00003682
0.00002890
0.00001722
0.00001668
0.00001591
0.00000779
-0.00000072
-0.00000820
-0.00001832
-0.00003565
-0.00003281
-0.00003837
-0.00003910
-0.00003932
-0.00003387
-0.00003053
-0.00002346
-0.00000228
0.00000584
0.00000508
0.00001714
-0.00001139
-0.00002427
-0.00002369
0.00003124
0.00003241
